image_width: 640
image_height: 480
camera_name: usb_cam
camera_matrix:
  rows: 3
  cols: 3
  data: [471.1765457861213, 0, 339.2939322922663, 0, 472.5879152012022, 240.4750145415236, 0, 0, 1]
distortion_model: plumb_bob
distortion_coefficients:
  rows: 1
  cols: 5
  data: [-0.3612888269841301, 0.1100324799253944, -0.004244973704974446, -0.00755266303214183, 0]
rectification_matrix:
  rows: 3
  cols: 3
  data: [1, 0, 0, 0, 1, 0, 0, 0, 1]
projection_matrix:
  rows: 3
  cols: 4
  data: [376.1220092773438, 0, 338.3732475753241, 0, 0, 423.0264892578125, 238.1518708799194, 0, 0, 0, 1, 0]