image_width: 1920
image_height: 1080
camera_name: head_camera
camera_matrix:
  rows: 3
  cols: 3
  data: [1131.105146066392, 0, 990.287465554348, 0, 1123.562070347401, 493.3470747447901, 0, 0, 1]
distortion_model: plumb_bob
distortion_coefficients:
  rows: 1
  cols: 5
  data: [-0.3662399390288829, 0.09118503172856943, -0.003272674882725873, 0.002677121678180279, 0]
rectification_matrix:
  rows: 3
  cols: 3
  data: [1, 0, 0, 0, 1, 0, 0, 0, 1]
projection_matrix:
  rows: 3
  cols: 4
  data: [742.8037109375, 0, 1002.07920257817, 0, 0, 1008.679016113281, 478.0019435936374, 0, 0, 0, 1, 0]