image_width: 640
image_height: 480
camera_name: head_camera
camera_matrix:
  rows: 3
  cols: 3
  data: [474.6953175733949, 0, 319.8757905515496, 0, 468.6572647363364, 232.2068724151855, 0, 0, 1]
distortion_model: plumb_bob
distortion_coefficients:
  rows: 1
  cols: 5
  data: [-0.3688141592273048, 0.1270117074188221, -0.0001564374188082894, -0.001809773668591884, 0]
rectification_matrix:
  rows: 3
  cols: 3
  data: [1, 0, 0, 0, 1, 0, 0, 0, 1]
projection_matrix:
  rows: 3
  cols: 4
  data: [381.4758605957031, 0, 317.1474710359125, 0, 0, 417.9556274414062, 230.0435823432781, 0, 0, 0, 1, 0]